
  1D histogram 1: Total Energy deposited in Detector
 
 	     X 		     Y
  0	5.000000e-02	9.094000e+03
  1	1.500000e-01	8.364000e+03
  2	2.500000e-01	4.571000e+03
  3	3.500000e-01	2.712000e+03
  4	4.500000e-01	1.702000e+03
  5	5.500000e-01	2.164000e+03
  6	6.500000e-01	8.710000e+02
  7	7.500000e-01	1.163000e+03
  8	8.500000e-01	6.370000e+02
  9	9.500000e-01	4.900000e+02
  10	1.050000e+00	4.050000e+02
  11	1.150000e+00	4.290000e+02
  12	1.250000e+00	3.840000e+02
  13	1.350000e+00	3.520000e+02
  14	1.450000e+00	3.220000e+02
  15	1.550000e+00	2.650000e+02
  16	1.650000e+00	2.670000e+02
  17	1.750000e+00	3.260000e+02
  18	1.850000e+00	2.830000e+02
  19	1.950000e+00	3.380000e+02
  20	2.050000e+00	2.250000e+02
  21	2.150000e+00	1.960000e+02
  22	2.250000e+00	8.370000e+02
  23	2.350000e+00	1.560000e+02
  24	2.450000e+00	1.520000e+02
  25	2.550000e+00	1.270000e+02
  26	2.650000e+00	1.460000e+02
  27	2.750000e+00	1.580000e+02
  28	2.850000e+00	1.420000e+02
  29	2.950000e+00	1.280000e+02
  30	3.050000e+00	1.410000e+02
  31	3.150000e+00	1.290000e+02
  32	3.250000e+00	1.320000e+02
  33	3.350000e+00	1.190000e+02
  34	3.450000e+00	1.530000e+02
  35	3.550000e+00	1.130000e+02
  36	3.650000e+00	1.100000e+02
  37	3.750000e+00	1.190000e+02
  38	3.850000e+00	1.230000e+02
  39	3.950000e+00	1.370000e+02
  40	4.050000e+00	1.070000e+02
  41	4.150000e+00	9.300000e+01
  42	4.250000e+00	1.100000e+02
  43	4.350000e+00	8.400000e+01
  44	4.450000e+00	1.810000e+02
  45	4.550000e+00	9.200000e+01
  46	4.650000e+00	1.060000e+02
  47	4.750000e+00	9.200000e+01
  48	4.850000e+00	8.400000e+01
  49	4.950000e+00	1.080000e+02
  50	5.050000e+00	1.020000e+02
  51	5.150000e+00	8.400000e+01
  52	5.250000e+00	9.900000e+01
  53	5.350000e+00	8.200000e+01
  54	5.450000e+00	7.100000e+01
  55	5.550000e+00	1.060000e+02
  56	5.650000e+00	1.100000e+02
  57	5.750000e+00	1.160000e+02
  58	5.850000e+00	9.400000e+01
  59	5.950000e+00	9.000000e+01
  60	6.050000e+00	1.130000e+02
  61	6.150000e+00	1.800000e+02
  62	6.250000e+00	6.300000e+01
  63	6.350000e+00	7.900000e+01
  64	6.450000e+00	7.200000e+01
  65	6.550000e+00	7.000000e+01
  66	6.650000e+00	1.220000e+02
  67	6.750000e+00	7.700000e+01
  68	6.850000e+00	8.100000e+01
  69	6.950000e+00	9.800000e+01
  70	7.050000e+00	8.100000e+01
  71	7.150000e+00	1.520000e+02
  72	7.250000e+00	1.060000e+02
  73	7.350000e+00	7.500000e+01
  74	7.450000e+00	8.900000e+01
  75	7.550000e+00	6.800000e+01
  76	7.650000e+00	2.260000e+02
  77	7.750000e+00	5.800000e+01
  78	7.850000e+00	5.500000e+01
  79	7.950000e+00	5.400000e+01
  80	8.050000e+00	7.100000e+01
  81	8.150000e+00	4.800000e+01
  82	8.250000e+00	4.400000e+01
  83	8.350000e+00	5.400000e+01
  84	8.450000e+00	3.400000e+01
  85	8.550000e+00	8.800000e+01
  86	8.650000e+00	3.000000e+01
  87	8.750000e+00	3.100000e+01
  88	8.850000e+00	3.300000e+01
  89	8.950000e+00	2.200000e+01
  90	9.050000e+00	2.600000e+01
  91	9.150000e+00	1.300000e+01
  92	9.250000e+00	2.000000e+01
  93	9.350000e+00	1.800000e+01
  94	9.450000e+00	1.300000e+01
  95	9.550000e+00	1.100000e+01
  96	9.650000e+00	9.000000e+00
  97	9.750000e+00	9.000000e+00
  98	9.850000e+00	1.000000e+01
  99	9.950000e+00	5.000000e+00
  100	1.005000e+01	1.400000e+01
  101	1.015000e+01	2.000000e+00
  102	1.025000e+01	8.000000e+00
  103	1.035000e+01	4.000000e+00
  104	1.045000e+01	1.000000e+00
  105	1.055000e+01	2.000000e+00
  106	1.065000e+01	1.000000e+00
  107	1.075000e+01	0.000000e+00
  108	1.085000e+01	0.000000e+00
  109	1.095000e+01	1.000000e+00
  110	1.105000e+01	0.000000e+00
  111	1.115000e+01	0.000000e+00
  112	1.125000e+01	0.000000e+00
  113	1.135000e+01	0.000000e+00
  114	1.145000e+01	2.000000e+00
  115	1.155000e+01	0.000000e+00
  116	1.165000e+01	1.000000e+00
  117	1.175000e+01	0.000000e+00
  118	1.185000e+01	0.000000e+00
  119	1.195000e+01	1.000000e+00
  120	1.205000e+01	0.000000e+00
  121	1.215000e+01	1.000000e+00
  122	1.225000e+01	0.000000e+00
  123	1.235000e+01	0.000000e+00
  124	1.245000e+01	0.000000e+00
  125	1.255000e+01	0.000000e+00
  126	1.265000e+01	0.000000e+00
  127	1.275000e+01	1.000000e+00
  128	1.285000e+01	0.000000e+00
  129	1.295000e+01	0.000000e+00
  130	1.305000e+01	0.000000e+00
  131	1.315000e+01	0.000000e+00
  132	1.325000e+01	0.000000e+00
  133	1.335000e+01	0.000000e+00
  134	1.345000e+01	0.000000e+00
  135	1.355000e+01	0.000000e+00
  136	1.365000e+01	0.000000e+00
  137	1.375000e+01	0.000000e+00
  138	1.385000e+01	0.000000e+00
  139	1.395000e+01	0.000000e+00
  140	1.405000e+01	2.000000e+00
  141	1.415000e+01	2.000000e+00
  142	1.425000e+01	1.000000e+00
  143	1.435000e+01	0.000000e+00
  144	1.445000e+01	1.000000e+00

  1D histogram 2: Kinetic Energy of Gamma Rays in Detector
 
 	     X 		     Y
  0	5.000000e-02	4.927300e+04
  1	1.500000e-01	4.731000e+03
  2	2.500000e-01	4.332000e+03
  3	3.500000e-01	1.642000e+03
  4	4.500000e-01	2.418000e+03
  5	5.500000e-01	7.712000e+03
  6	6.500000e-01	1.576000e+03
  7	7.500000e-01	1.103000e+03
  8	8.500000e-01	8.100000e+02
  9	9.500000e-01	2.002000e+03
  10	1.050000e+00	3.920000e+02
  11	1.150000e+00	3.590000e+02
  12	1.250000e+00	3.770000e+02
  13	1.350000e+00	2.005000e+03
  14	1.450000e+00	2.340000e+02
  15	1.550000e+00	2.547000e+03
  16	1.650000e+00	1.060000e+02
  17	1.750000e+00	7.100000e+01
  18	1.850000e+00	5.700000e+01
  19	1.950000e+00	5.800000e+01
  20	2.050000e+00	3.600000e+01
  21	2.150000e+00	5.970000e+02
  22	2.250000e+00	6.300000e+01
  23	2.350000e+00	8.800000e+01
  24	2.450000e+00	2.100000e+01
  25	2.550000e+00	1.130000e+02
  26	2.650000e+00	5.880000e+02
  27	2.750000e+00	4.200000e+01
  28	2.850000e+00	4.400000e+01
  29	2.950000e+00	8.800000e+01
  30	3.050000e+00	2.900000e+01
  31	3.150000e+00	3.700000e+01
  32	3.250000e+00	3.600000e+01
  33	3.350000e+00	3.500000e+01
  34	3.450000e+00	1.444000e+03
  35	3.550000e+00	2.400000e+01
  36	3.650000e+00	2.000000e+01
  37	3.750000e+00	1.600000e+01
  38	3.850000e+00	1.700000e+01
  39	3.950000e+00	1.300000e+01
  40	4.050000e+00	1.600000e+01
  41	4.150000e+00	1.600000e+01
  42	4.250000e+00	3.340000e+02
  43	4.350000e+00	1.700000e+01
  44	4.450000e+00	7.000000e+00
  45	4.550000e+00	3.000000e+00
  46	4.650000e+00	1.570000e+02
  47	4.750000e+00	2.000000e+00
  48	4.850000e+00	4.000000e+00
  49	4.950000e+00	7.800000e+01
  50	5.050000e+00	7.900000e+01
  51	5.150000e+00	6.000000e+00
  52	5.250000e+00	6.000000e+00
  53	5.350000e+00	5.090000e+02
  54	5.450000e+00	1.200000e+01
  55	5.550000e+00	7.700000e+01
  56	5.650000e+00	5.700000e+01
  57	5.750000e+00	6.000000e+00
  58	5.850000e+00	4.100000e+01
  59	5.950000e+00	1.300000e+01
  60	6.050000e+00	1.200000e+01
  61	6.150000e+00	9.000000e+00
  62	6.250000e+00	1.200000e+01
  63	6.350000e+00	1.000000e+01
  64	6.450000e+00	1.500000e+01
  65	6.550000e+00	9.000000e+00
  66	6.650000e+00	8.000000e+00
  67	6.750000e+00	9.000000e+00
  68	6.850000e+00	9.000000e+00
  69	6.950000e+00	4.000000e+00
  70	7.050000e+00	3.000000e+00
  71	7.150000e+00	3.000000e+00
  72	7.250000e+00	3.000000e+00
  73	7.350000e+00	5.000000e+00
  74	7.450000e+00	0.000000e+00
  75	7.550000e+00	8.000000e+00
  76	7.650000e+00	4.000000e+00
  77	7.750000e+00	1.000000e+00
  78	7.850000e+00	5.000000e+00
  79	7.950000e+00	0.000000e+00
  80	8.050000e+00	0.000000e+00
  81	8.150000e+00	1.000000e+00
  82	8.250000e+00	1.000000e+00
  83	8.350000e+00	0.000000e+00
  84	8.450000e+00	0.000000e+00
  85	8.550000e+00	6.000000e+00
  86	8.650000e+00	0.000000e+00
  87	8.750000e+00	1.000000e+01
  88	8.850000e+00	0.000000e+00
  89	8.950000e+00	0.000000e+00
  90	9.050000e+00	0.000000e+00
  91	9.150000e+00	0.000000e+00
  92	9.250000e+00	0.000000e+00
  93	9.350000e+00	0.000000e+00
  94	9.450000e+00	0.000000e+00
  95	9.550000e+00	0.000000e+00
  96	9.650000e+00	0.000000e+00
  97	9.750000e+00	0.000000e+00
  98	9.850000e+00	0.000000e+00
  99	9.950000e+00	0.000000e+00
  100	1.005000e+01	0.000000e+00
  101	1.015000e+01	0.000000e+00
  102	1.025000e+01	0.000000e+00
  103	1.035000e+01	0.000000e+00
  104	1.045000e+01	0.000000e+00
  105	1.055000e+01	0.000000e+00
  106	1.065000e+01	0.000000e+00
  107	1.075000e+01	0.000000e+00
  108	1.085000e+01	0.000000e+00
  109	1.095000e+01	0.000000e+00
  110	1.105000e+01	0.000000e+00
  111	1.115000e+01	0.000000e+00
  112	1.125000e+01	0.000000e+00
  113	1.135000e+01	0.000000e+00
  114	1.145000e+01	0.000000e+00
  115	1.155000e+01	0.000000e+00
  116	1.165000e+01	0.000000e+00
  117	1.175000e+01	0.000000e+00
  118	1.185000e+01	0.000000e+00
  119	1.195000e+01	0.000000e+00
  120	1.205000e+01	0.000000e+00
  121	1.215000e+01	0.000000e+00
  122	1.225000e+01	0.000000e+00
  123	1.235000e+01	0.000000e+00
  124	1.245000e+01	0.000000e+00
  125	1.255000e+01	0.000000e+00
  126	1.265000e+01	0.000000e+00
  127	1.275000e+01	0.000000e+00
  128	1.285000e+01	0.000000e+00
  129	1.295000e+01	0.000000e+00
  130	1.305000e+01	0.000000e+00
  131	1.315000e+01	0.000000e+00
  132	1.325000e+01	0.000000e+00
  133	1.335000e+01	0.000000e+00
  134	1.345000e+01	0.000000e+00
  135	1.355000e+01	0.000000e+00
  136	1.365000e+01	0.000000e+00
  137	1.375000e+01	0.000000e+00
  138	1.385000e+01	0.000000e+00
  139	1.395000e+01	0.000000e+00
  140	1.405000e+01	0.000000e+00
  141	1.415000e+01	0.000000e+00
  142	1.425000e+01	0.000000e+00
  143	1.435000e+01	0.000000e+00
  144	1.445000e+01	0.000000e+00

  1D histogram 3: Kinetic Energy of Neutrons in Detector
 
 	     X 		     Y
  0	5.000000e-02	1.268300e+04
  1	1.500000e-01	1.260000e+03
  2	2.500000e-01	1.161000e+03
  3	3.500000e-01	8.080000e+02
  4	4.500000e-01	5.710000e+02
  5	5.500000e-01	5.470000e+02
  6	6.500000e-01	5.200000e+02
  7	7.500000e-01	4.260000e+02
  8	8.500000e-01	2.810000e+02
  9	9.500000e-01	2.070000e+02
  10	1.050000e+00	1.810000e+02
  11	1.150000e+00	1.840000e+02
  12	1.250000e+00	1.920000e+02
  13	1.350000e+00	1.620000e+02
  14	1.450000e+00	1.480000e+02
  15	1.550000e+00	1.330000e+02
  16	1.650000e+00	9.600000e+01
  17	1.750000e+00	9.500000e+01
  18	1.850000e+00	9.100000e+01
  19	1.950000e+00	7.400000e+01
  20	2.050000e+00	5.600000e+01
  21	2.150000e+00	5.400000e+01
  22	2.250000e+00	3.900000e+01
  23	2.350000e+00	3.400000e+01
  24	2.450000e+00	4.600000e+01
  25	2.550000e+00	4.200000e+01
  26	2.650000e+00	5.100000e+01
  27	2.750000e+00	3.700000e+01
  28	2.850000e+00	3.400000e+01
  29	2.950000e+00	2.600000e+01
  30	3.050000e+00	3.000000e+01
  31	3.150000e+00	3.000000e+01
  32	3.250000e+00	2.400000e+01
  33	3.350000e+00	2.500000e+01
  34	3.450000e+00	2.400000e+01
  35	3.550000e+00	1.700000e+01
  36	3.650000e+00	9.000000e+00
  37	3.750000e+00	2.000000e+01
  38	3.850000e+00	1.200000e+01
  39	3.950000e+00	1.800000e+01
  40	4.050000e+00	1.700000e+01
  41	4.150000e+00	1.200000e+01
  42	4.250000e+00	9.000000e+00
  43	4.350000e+00	1.100000e+01
  44	4.450000e+00	2.100000e+01
  45	4.550000e+00	2.700000e+01
  46	4.650000e+00	1.900000e+01
  47	4.750000e+00	2.500000e+01
  48	4.850000e+00	9.000000e+00
  49	4.950000e+00	2.000000e+01
  50	5.050000e+00	1.900000e+01
  51	5.150000e+00	7.000000e+00
  52	5.250000e+00	2.100000e+01
  53	5.350000e+00	1.000000e+01
  54	5.450000e+00	5.000000e+00
  55	5.550000e+00	1.000000e+01
  56	5.650000e+00	1.200000e+01
  57	5.750000e+00	7.000000e+00
  58	5.850000e+00	1.200000e+01
  59	5.950000e+00	1.700000e+01
  60	6.050000e+00	1.200000e+01
  61	6.150000e+00	9.000000e+00
  62	6.250000e+00	2.100000e+01
  63	6.350000e+00	1.800000e+01
  64	6.450000e+00	1.100000e+01
  65	6.550000e+00	1.500000e+01
  66	6.650000e+00	1.300000e+01
  67	6.750000e+00	1.600000e+01
  68	6.850000e+00	1.600000e+01
  69	6.950000e+00	7.000000e+00
  70	7.050000e+00	1.700000e+01
  71	7.150000e+00	6.000000e+00
  72	7.250000e+00	7.000000e+00
  73	7.350000e+00	7.000000e+00
  74	7.450000e+00	7.000000e+00
  75	7.550000e+00	1.000000e+01
  76	7.650000e+00	2.000000e+00
  77	7.750000e+00	1.100000e+01
  78	7.850000e+00	9.000000e+00
  79	7.950000e+00	1.600000e+01
  80	8.050000e+00	2.000000e+00
  81	8.150000e+00	5.000000e+00
  82	8.250000e+00	1.200000e+01
  83	8.350000e+00	1.000000e+01
  84	8.450000e+00	8.000000e+00
  85	8.550000e+00	6.000000e+00
  86	8.650000e+00	8.000000e+00
  87	8.750000e+00	1.100000e+01
  88	8.850000e+00	8.000000e+00
  89	8.950000e+00	1.100000e+01
  90	9.050000e+00	9.000000e+00
  91	9.150000e+00	1.700000e+01
  92	9.250000e+00	7.000000e+00
  93	9.350000e+00	1.100000e+01
  94	9.450000e+00	7.000000e+00
  95	9.550000e+00	1.500000e+01
  96	9.650000e+00	1.400000e+01
  97	9.750000e+00	1.700000e+01
  98	9.850000e+00	7.000000e+00
  99	9.950000e+00	4.000000e+00
  100	1.005000e+01	7.000000e+00
  101	1.015000e+01	5.000000e+00
  102	1.025000e+01	4.000000e+00
  103	1.035000e+01	1.100000e+01
  104	1.045000e+01	8.000000e+00
  105	1.055000e+01	1.600000e+01
  106	1.065000e+01	9.000000e+00
  107	1.075000e+01	4.000000e+00
  108	1.085000e+01	1.000000e+01
  109	1.095000e+01	2.100000e+01
  110	1.105000e+01	2.300000e+01
  111	1.115000e+01	1.400000e+01
  112	1.125000e+01	1.800000e+01
  113	1.135000e+01	1.400000e+01
  114	1.145000e+01	4.000000e+00
  115	1.155000e+01	1.200000e+01
  116	1.165000e+01	9.000000e+00
  117	1.175000e+01	6.000000e+00
  118	1.185000e+01	5.000000e+00
  119	1.195000e+01	1.100000e+01
  120	1.205000e+01	7.000000e+00
  121	1.215000e+01	7.000000e+00
  122	1.225000e+01	1.200000e+01
  123	1.235000e+01	1.100000e+01
  124	1.245000e+01	1.000000e+01
  125	1.255000e+01	3.000000e+00
  126	1.265000e+01	1.600000e+01
  127	1.275000e+01	1.000000e+01
  128	1.285000e+01	2.200000e+01
  129	1.295000e+01	1.800000e+01
  130	1.305000e+01	1.600000e+01
  131	1.315000e+01	1.700000e+01
  132	1.325000e+01	1.100000e+01
  133	1.335000e+01	2.200000e+01
  134	1.345000e+01	1.500000e+01
  135	1.355000e+01	2.200000e+01
  136	1.365000e+01	2.500000e+01
  137	1.375000e+01	3.300000e+01
  138	1.385000e+01	2.200000e+01
  139	1.395000e+01	3.800000e+01
  140	1.405000e+01	3.700000e+01
  141	1.415000e+01	2.000000e+00
  142	1.425000e+01	0.000000e+00
  143	1.435000e+01	0.000000e+00
  144	1.445000e+01	0.000000e+00

  1D histogram 4: Kinetic Energy of Neutrons Generated in Detector
 
 	     X 		     Y
  0	5.000000e-02	4.600000e+01
  1	1.500000e-01	8.500000e+01
  2	2.500000e-01	1.050000e+02
  3	3.500000e-01	1.050000e+02
  4	4.500000e-01	1.080000e+02
  5	5.500000e-01	9.300000e+01
  6	6.500000e-01	7.900000e+01
  7	7.500000e-01	8.400000e+01
  8	8.500000e-01	6.500000e+01
  9	9.500000e-01	5.700000e+01
  10	1.050000e+00	4.400000e+01
  11	1.150000e+00	4.500000e+01
  12	1.250000e+00	5.600000e+01
  13	1.350000e+00	3.800000e+01
  14	1.450000e+00	3.900000e+01
  15	1.550000e+00	2.900000e+01
  16	1.650000e+00	2.700000e+01
  17	1.750000e+00	2.800000e+01
  18	1.850000e+00	3.400000e+01
  19	1.950000e+00	1.600000e+01
  20	2.050000e+00	1.100000e+01
  21	2.150000e+00	1.200000e+01
  22	2.250000e+00	1.200000e+01
  23	2.350000e+00	1.100000e+01
  24	2.450000e+00	9.000000e+00
  25	2.550000e+00	7.000000e+00
  26	2.650000e+00	4.000000e+00
  27	2.750000e+00	7.000000e+00
  28	2.850000e+00	2.000000e+00
  29	2.950000e+00	8.000000e+00
  30	3.050000e+00	2.000000e+00
  31	3.150000e+00	3.000000e+00
  32	3.250000e+00	3.000000e+00
  33	3.350000e+00	5.000000e+00
  34	3.450000e+00	4.000000e+00
  35	3.550000e+00	1.000000e+00
  36	3.650000e+00	1.000000e+00
  37	3.750000e+00	2.000000e+00
  38	3.850000e+00	4.000000e+00
  39	3.950000e+00	0.000000e+00
  40	4.050000e+00	1.000000e+00
  41	4.150000e+00	4.000000e+00
  42	4.250000e+00	1.000000e+00
  43	4.350000e+00	1.000000e+00
  44	4.450000e+00	2.000000e+00
  45	4.550000e+00	1.000000e+00
  46	4.650000e+00	0.000000e+00
  47	4.750000e+00	0.000000e+00
  48	4.850000e+00	0.000000e+00
  49	4.950000e+00	1.000000e+00
  50	5.050000e+00	0.000000e+00
  51	5.150000e+00	0.000000e+00
  52	5.250000e+00	2.000000e+00
  53	5.350000e+00	1.000000e+00
  54	5.450000e+00	1.000000e+00
  55	5.550000e+00	1.000000e+00
  56	5.650000e+00	0.000000e+00
  57	5.750000e+00	1.000000e+00
  58	5.850000e+00	0.000000e+00
  59	5.950000e+00	0.000000e+00
  60	6.050000e+00	2.000000e+00
  61	6.150000e+00	1.000000e+00
  62	6.250000e+00	1.000000e+00
  63	6.350000e+00	1.000000e+00
  64	6.450000e+00	1.000000e+00
  65	6.550000e+00	1.000000e+00
  66	6.650000e+00	0.000000e+00
  67	6.750000e+00	1.000000e+00
  68	6.850000e+00	0.000000e+00
  69	6.950000e+00	0.000000e+00
  70	7.050000e+00	0.000000e+00
  71	7.150000e+00	0.000000e+00
  72	7.250000e+00	0.000000e+00
  73	7.350000e+00	0.000000e+00
  74	7.450000e+00	0.000000e+00
  75	7.550000e+00	0.000000e+00
  76	7.650000e+00	0.000000e+00
  77	7.750000e+00	0.000000e+00
  78	7.850000e+00	0.000000e+00
  79	7.950000e+00	0.000000e+00
  80	8.050000e+00	1.000000e+00
  81	8.150000e+00	1.000000e+00
  82	8.250000e+00	0.000000e+00
  83	8.350000e+00	0.000000e+00
  84	8.450000e+00	0.000000e+00
  85	8.550000e+00	0.000000e+00
  86	8.650000e+00	0.000000e+00
  87	8.750000e+00	0.000000e+00
  88	8.850000e+00	0.000000e+00
  89	8.950000e+00	0.000000e+00
  90	9.050000e+00	1.000000e+00
  91	9.150000e+00	1.000000e+00
  92	9.250000e+00	0.000000e+00
  93	9.350000e+00	0.000000e+00
  94	9.450000e+00	0.000000e+00
  95	9.550000e+00	1.000000e+00
  96	9.650000e+00	1.000000e+00
  97	9.750000e+00	1.000000e+00
  98	9.850000e+00	0.000000e+00
  99	9.950000e+00	0.000000e+00
  100	1.005000e+01	0.000000e+00
  101	1.015000e+01	0.000000e+00
  102	1.025000e+01	0.000000e+00
  103	1.035000e+01	0.000000e+00
  104	1.045000e+01	0.000000e+00
  105	1.055000e+01	0.000000e+00
  106	1.065000e+01	0.000000e+00
  107	1.075000e+01	0.000000e+00
  108	1.085000e+01	1.000000e+00
  109	1.095000e+01	0.000000e+00
  110	1.105000e+01	0.000000e+00
  111	1.115000e+01	0.000000e+00
  112	1.125000e+01	0.000000e+00
  113	1.135000e+01	0.000000e+00
  114	1.145000e+01	0.000000e+00
  115	1.155000e+01	0.000000e+00
  116	1.165000e+01	0.000000e+00
  117	1.175000e+01	0.000000e+00
  118	1.185000e+01	0.000000e+00
  119	1.195000e+01	1.000000e+00
  120	1.205000e+01	0.000000e+00
  121	1.215000e+01	0.000000e+00
  122	1.225000e+01	0.000000e+00
  123	1.235000e+01	0.000000e+00
  124	1.245000e+01	0.000000e+00
  125	1.255000e+01	0.000000e+00
  126	1.265000e+01	0.000000e+00
  127	1.275000e+01	0.000000e+00
  128	1.285000e+01	0.000000e+00
  129	1.295000e+01	0.000000e+00
  130	1.305000e+01	0.000000e+00
  131	1.315000e+01	0.000000e+00
  132	1.325000e+01	0.000000e+00
  133	1.335000e+01	0.000000e+00
  134	1.345000e+01	0.000000e+00
  135	1.355000e+01	0.000000e+00
  136	1.365000e+01	1.000000e+00
  137	1.375000e+01	0.000000e+00
  138	1.385000e+01	0.000000e+00
  139	1.395000e+01	0.000000e+00
  140	1.405000e+01	0.000000e+00
  141	1.415000e+01	0.000000e+00
  142	1.425000e+01	0.000000e+00
  143	1.435000e+01	0.000000e+00
  144	1.445000e+01	0.000000e+00
