
  1D histogram 1: Total Energy deposited in Detector
 
 	     X 		     Y
  0	2.500000e-02	6.737000e+03
  1	7.500000e-02	1.754000e+03
  2	1.250000e-01	2.599000e+03
  3	1.750000e-01	2.449000e+03
  4	2.250000e-01	2.013000e+03
  5	2.750000e-01	1.628000e+03
  6	3.250000e-01	1.148000e+03
  7	3.750000e-01	9.740000e+02
  8	4.250000e-01	1.050000e+03
  9	4.750000e-01	6.820000e+02
  10	5.250000e-01	9.500000e+02
  11	5.750000e-01	5.300000e+02
  12	6.250000e-01	4.900000e+02
  13	6.750000e-01	4.160000e+02
  14	7.250000e-01	3.460000e+02
  15	7.750000e-01	3.540000e+02
  16	8.250000e-01	8.300000e+02
  17	8.750000e-01	3.310000e+02
  18	9.250000e-01	2.750000e+02
  19	9.750000e-01	2.810000e+02
  20	1.025000e+00	2.500000e+02
  21	1.075000e+00	2.320000e+02
  22	1.125000e+00	2.430000e+02
  23	1.175000e+00	2.440000e+02
  24	1.225000e+00	2.920000e+02
  25	1.275000e+00	2.270000e+02
  26	1.325000e+00	2.150000e+02
  27	1.375000e+00	1.950000e+02
  28	1.425000e+00	1.860000e+02
  29	1.475000e+00	1.990000e+02
  30	1.525000e+00	1.790000e+02
  31	1.575000e+00	1.720000e+02
  32	1.625000e+00	1.730000e+02
  33	1.675000e+00	1.640000e+02
  34	1.725000e+00	1.860000e+02
  35	1.775000e+00	1.770000e+02
  36	1.825000e+00	1.990000e+02
  37	1.875000e+00	1.390000e+02
  38	1.925000e+00	1.370000e+02
  39	1.975000e+00	1.500000e+02
  40	2.025000e+00	1.470000e+02
  41	2.075000e+00	1.710000e+02
  42	2.125000e+00	1.390000e+02
  43	2.175000e+00	1.250000e+02
  44	2.225000e+00	2.530000e+02
  45	2.275000e+00	1.120000e+02
  46	2.325000e+00	1.140000e+02
  47	2.375000e+00	1.160000e+02
  48	2.425000e+00	1.220000e+02
  49	2.475000e+00	1.180000e+02
  50	2.525000e+00	1.040000e+02
  51	2.575000e+00	1.180000e+02
  52	2.625000e+00	1.000000e+02
  53	2.675000e+00	9.800000e+01
  54	2.725000e+00	9.100000e+01
  55	2.775000e+00	8.700000e+01
  56	2.825000e+00	1.040000e+02
  57	2.875000e+00	1.140000e+02
  58	2.925000e+00	7.100000e+01
  59	2.975000e+00	7.700000e+01
  60	3.025000e+00	6.500000e+01
  61	3.075000e+00	8.600000e+01
  62	3.125000e+00	1.030000e+02
  63	3.175000e+00	9.000000e+01
  64	3.225000e+00	7.800000e+01
  65	3.275000e+00	7.200000e+01
  66	3.325000e+00	8.200000e+01
  67	3.375000e+00	6.500000e+01
  68	3.425000e+00	7.200000e+01
  69	3.475000e+00	6.200000e+01
  70	3.525000e+00	6.400000e+01
  71	3.575000e+00	5.600000e+01
  72	3.625000e+00	7.600000e+01
  73	3.675000e+00	6.700000e+01
  74	3.725000e+00	5.000000e+01
  75	3.775000e+00	2.800000e+01
  76	3.825000e+00	5.600000e+01
  77	3.875000e+00	6.500000e+01
  78	3.925000e+00	5.500000e+01
  79	3.975000e+00	4.800000e+01
  80	4.025000e+00	4.900000e+01
  81	4.075000e+00	5.100000e+01
  82	4.125000e+00	2.600000e+01
  83	4.175000e+00	4.300000e+01
  84	4.225000e+00	5.700000e+01
  85	4.275000e+00	3.400000e+01
  86	4.325000e+00	3.300000e+01
  87	4.375000e+00	3.100000e+01
  88	4.425000e+00	3.800000e+01
  89	4.475000e+00	3.300000e+01
  90	4.525000e+00	4.300000e+01
  91	4.575000e+00	2.700000e+01
  92	4.625000e+00	3.300000e+01
  93	4.675000e+00	2.800000e+01
  94	4.725000e+00	3.700000e+01
  95	4.775000e+00	2.800000e+01
  96	4.825000e+00	3.200000e+01
  97	4.875000e+00	2.500000e+01
  98	4.925000e+00	2.800000e+01
  99	4.975000e+00	2.400000e+01
  100	5.025000e+00	2.700000e+01
  101	5.075000e+00	2.100000e+01
  102	5.125000e+00	4.000000e+01
  103	5.175000e+00	2.400000e+01
  104	5.225000e+00	4.000000e+01
  105	5.275000e+00	2.300000e+01
  106	5.325000e+00	2.200000e+01
  107	5.375000e+00	3.500000e+01
  108	5.425000e+00	2.000000e+01
  109	5.475000e+00	2.300000e+01
  110	5.525000e+00	2.300000e+01
  111	5.575000e+00	4.400000e+01
  112	5.625000e+00	2.800000e+01
  113	5.675000e+00	3.400000e+01
  114	5.725000e+00	3.500000e+01
  115	5.775000e+00	2.500000e+01
  116	5.825000e+00	1.700000e+01
  117	5.875000e+00	2.300000e+01
  118	5.925000e+00	1.700000e+01
  119	5.975000e+00	3.000000e+01
  120	6.025000e+00	3.100000e+01
  121	6.075000e+00	2.600000e+01
  122	6.125000e+00	4.400000e+01
  123	6.175000e+00	2.300000e+01
  124	6.225000e+00	1.800000e+01
  125	6.275000e+00	1.300000e+01
  126	6.325000e+00	1.600000e+01
  127	6.375000e+00	2.000000e+01
  128	6.425000e+00	2.400000e+01
  129	6.475000e+00	2.100000e+01
  130	6.525000e+00	1.900000e+01
  131	6.575000e+00	1.200000e+01
  132	6.625000e+00	3.700000e+01
  133	6.675000e+00	1.300000e+01
  134	6.725000e+00	1.200000e+01
  135	6.775000e+00	1.500000e+01
  136	6.825000e+00	2.000000e+01
  137	6.875000e+00	1.800000e+01
  138	6.925000e+00	2.300000e+01
  139	6.975000e+00	1.300000e+01
  140	7.025000e+00	1.600000e+01
  141	7.075000e+00	1.000000e+01
  142	7.125000e+00	2.900000e+01
  143	7.175000e+00	1.400000e+01
  144	7.225000e+00	1.800000e+01
  145	7.275000e+00	1.400000e+01
  146	7.325000e+00	1.900000e+01
  147	7.375000e+00	1.300000e+01
  148	7.425000e+00	1.900000e+01
  149	7.475000e+00	1.100000e+01
  150	7.525000e+00	9.000000e+00
  151	7.575000e+00	1.200000e+01
  152	7.625000e+00	4.200000e+01
  153	7.675000e+00	5.000000e+00
  154	7.725000e+00	8.000000e+00
  155	7.775000e+00	1.400000e+01
  156	7.825000e+00	7.000000e+00
  157	7.875000e+00	1.100000e+01
  158	7.925000e+00	1.000000e+01
  159	7.975000e+00	9.000000e+00
  160	8.025000e+00	3.000000e+00
  161	8.075000e+00	1.700000e+01
  162	8.125000e+00	7.000000e+00
  163	8.175000e+00	5.000000e+00
  164	8.225000e+00	5.000000e+00
  165	8.275000e+00	9.000000e+00
  166	8.325000e+00	7.000000e+00
  167	8.375000e+00	7.000000e+00
  168	8.425000e+00	4.000000e+00
  169	8.475000e+00	8.000000e+00
  170	8.525000e+00	5.000000e+00
  171	8.575000e+00	1.100000e+01
  172	8.625000e+00	3.000000e+00
  173	8.675000e+00	1.000000e+00
  174	8.725000e+00	3.000000e+00
  175	8.775000e+00	7.000000e+00
  176	8.825000e+00	4.000000e+00
  177	8.875000e+00	4.000000e+00
  178	8.925000e+00	2.000000e+00
  179	8.975000e+00	3.000000e+00
  180	9.025000e+00	3.000000e+00
  181	9.075000e+00	4.000000e+00
  182	9.125000e+00	4.000000e+00
  183	9.175000e+00	4.000000e+00
  184	9.225000e+00	1.000000e+00
  185	9.275000e+00	3.000000e+00
  186	9.325000e+00	1.000000e+00
  187	9.375000e+00	0.000000e+00
  188	9.425000e+00	3.000000e+00
  189	9.475000e+00	0.000000e+00
  190	9.525000e+00	2.000000e+00
  191	9.575000e+00	1.000000e+00
  192	9.625000e+00	2.000000e+00
  193	9.675000e+00	2.000000e+00
  194	9.725000e+00	1.000000e+00
  195	9.775000e+00	1.000000e+00
  196	9.825000e+00	2.000000e+00
  197	9.875000e+00	3.000000e+00
  198	9.925000e+00	2.000000e+00
  199	9.975000e+00	2.000000e+00
  200	1.002500e+01	1.000000e+00
  201	1.007500e+01	2.000000e+00
  202	1.012500e+01	1.000000e+00
  203	1.017500e+01	2.000000e+00
  204	1.022500e+01	1.000000e+00
  205	1.027500e+01	0.000000e+00
  206	1.032500e+01	3.000000e+00
  207	1.037500e+01	0.000000e+00
  208	1.042500e+01	1.000000e+00
  209	1.047500e+01	1.000000e+00
  210	1.052500e+01	3.000000e+00
  211	1.057500e+01	0.000000e+00
  212	1.062500e+01	0.000000e+00
  213	1.067500e+01	0.000000e+00
  214	1.072500e+01	2.000000e+00
  215	1.077500e+01	1.000000e+00
  216	1.082500e+01	1.000000e+00
  217	1.087500e+01	2.000000e+00
  218	1.092500e+01	1.000000e+00
  219	1.097500e+01	0.000000e+00
  220	1.102500e+01	0.000000e+00
  221	1.107500e+01	1.000000e+00
  222	1.112500e+01	0.000000e+00
  223	1.117500e+01	0.000000e+00
  224	1.122500e+01	0.000000e+00
  225	1.127500e+01	0.000000e+00
  226	1.132500e+01	0.000000e+00
  227	1.137500e+01	3.000000e+00
  228	1.142500e+01	1.000000e+00
  229	1.147500e+01	0.000000e+00
  230	1.152500e+01	0.000000e+00
  231	1.157500e+01	0.000000e+00
  232	1.162500e+01	0.000000e+00
  233	1.167500e+01	1.000000e+00
  234	1.172500e+01	1.000000e+00
  235	1.177500e+01	0.000000e+00
  236	1.182500e+01	0.000000e+00
  237	1.187500e+01	1.000000e+00
  238	1.192500e+01	0.000000e+00
  239	1.197500e+01	0.000000e+00
  240	1.202500e+01	0.000000e+00
  241	1.207500e+01	0.000000e+00
  242	1.212500e+01	0.000000e+00
  243	1.217500e+01	0.000000e+00
  244	1.222500e+01	0.000000e+00
  245	1.227500e+01	0.000000e+00
  246	1.232500e+01	0.000000e+00
  247	1.237500e+01	0.000000e+00
  248	1.242500e+01	0.000000e+00
  249	1.247500e+01	0.000000e+00
  250	1.252500e+01	0.000000e+00
  251	1.257500e+01	0.000000e+00
  252	1.262500e+01	0.000000e+00
  253	1.267500e+01	0.000000e+00
  254	1.272500e+01	0.000000e+00
  255	1.277500e+01	0.000000e+00
  256	1.282500e+01	0.000000e+00
  257	1.287500e+01	0.000000e+00
  258	1.292500e+01	0.000000e+00
  259	1.297500e+01	0.000000e+00
  260	1.302500e+01	0.000000e+00
  261	1.307500e+01	0.000000e+00
  262	1.312500e+01	1.000000e+00
  263	1.317500e+01	0.000000e+00
  264	1.322500e+01	0.000000e+00
  265	1.327500e+01	0.000000e+00
  266	1.332500e+01	1.000000e+00
  267	1.337500e+01	0.000000e+00
  268	1.342500e+01	0.000000e+00
  269	1.347500e+01	2.000000e+00
  270	1.352500e+01	0.000000e+00
  271	1.357500e+01	0.000000e+00
  272	1.362500e+01	3.000000e+00
  273	1.367500e+01	2.000000e+00
  274	1.372500e+01	1.000000e+00
  275	1.377500e+01	1.000000e+00
  276	1.382500e+01	1.000000e+00
  277	1.387500e+01	0.000000e+00
  278	1.392500e+01	0.000000e+00
  279	1.397500e+01	1.000000e+00
  280	1.402500e+01	0.000000e+00
  281	1.407500e+01	1.000000e+00
  282	1.412500e+01	1.000000e+00
  283	1.417500e+01	2.000000e+00
  284	1.422500e+01	2.000000e+00
  285	1.427500e+01	0.000000e+00
  286	1.432500e+01	1.000000e+00
  287	1.437500e+01	0.000000e+00
  288	1.442500e+01	0.000000e+00
  289	1.447500e+01	1.000000e+00

  1D histogram 2: Kinetic Energy of Gamma Rays in Detector
 
 	     X 		     Y
  0	2.500000e-02	9.540000e+03
  1	7.500000e-02	1.894000e+03
  2	1.250000e-01	5.240000e+02
  3	1.750000e-01	8.960000e+02
  4	2.250000e-01	9.220000e+02
  5	2.750000e-01	3.250000e+02
  6	3.250000e-01	2.040000e+02
  7	3.750000e-01	2.360000e+02
  8	4.250000e-01	5.320000e+02
  9	4.750000e-01	2.540000e+02
  10	5.250000e-01	3.031000e+03
  11	5.750000e-01	2.930000e+02
  12	6.250000e-01	3.610000e+02
  13	6.750000e-01	3.140000e+02
  14	7.250000e-01	1.310000e+02
  15	7.750000e-01	5.160000e+02
  16	8.250000e-01	1.810000e+02
  17	8.750000e-01	7.900000e+01
  18	9.250000e-01	6.200000e+01
  19	9.750000e-01	5.700000e+02
  20	1.025000e+00	9.300000e+01
  21	1.075000e+00	1.800000e+01
  22	1.125000e+00	3.700000e+01
  23	1.175000e+00	1.600000e+01
  24	1.225000e+00	4.200000e+01
  25	1.275000e+00	1.700000e+01
  26	1.325000e+00	1.100000e+02
  27	1.375000e+00	6.090000e+02
  28	1.425000e+00	4.910000e+02
  29	1.475000e+00	4.700000e+01
  30	1.525000e+00	5.260000e+02
  31	1.575000e+00	3.770000e+02
  32	1.625000e+00	1.400000e+01
  33	1.675000e+00	1.600000e+01
  34	1.725000e+00	9.000000e+00
  35	1.775000e+00	1.300000e+01
  36	1.825000e+00	6.000000e+00
  37	1.875000e+00	1.300000e+01
  38	1.925000e+00	6.000000e+00
  39	1.975000e+00	8.000000e+00
  40	2.025000e+00	4.000000e+00
  41	2.075000e+00	7.000000e+00
  42	2.125000e+00	6.000000e+00
  43	2.175000e+00	1.940000e+02
  44	2.225000e+00	1.600000e+01
  45	2.275000e+00	5.000000e+00
  46	2.325000e+00	3.100000e+01
  47	2.375000e+00	6.000000e+00
  48	2.425000e+00	2.000000e+00
  49	2.475000e+00	1.000000e+00
  50	2.525000e+00	2.900000e+01
  51	2.575000e+00	1.400000e+01
  52	2.625000e+00	2.000000e+00
  53	2.675000e+00	2.000000e+02
  54	2.725000e+00	9.000000e+00
  55	2.775000e+00	1.100000e+01
  56	2.825000e+00	8.000000e+00
  57	2.875000e+00	7.000000e+00
  58	2.925000e+00	1.300000e+01
  59	2.975000e+00	9.000000e+00
  60	3.025000e+00	1.200000e+01
  61	3.075000e+00	5.000000e+00
  62	3.125000e+00	6.000000e+00
  63	3.175000e+00	3.000000e+00
  64	3.225000e+00	3.000000e+00
  65	3.275000e+00	7.000000e+00
  66	3.325000e+00	3.000000e+00
  67	3.375000e+00	5.000000e+00
  68	3.425000e+00	5.240000e+02
  69	3.475000e+00	4.000000e+00
  70	3.525000e+00	3.000000e+00
  71	3.575000e+00	3.000000e+00
  72	3.625000e+00	3.000000e+00
  73	3.675000e+00	2.000000e+00
  74	3.725000e+00	1.000000e+00
  75	3.775000e+00	1.000000e+00
  76	3.825000e+00	3.000000e+00
  77	3.875000e+00	1.000000e+00
  78	3.925000e+00	1.000000e+00
  79	3.975000e+00	1.000000e+00
  80	4.025000e+00	0.000000e+00
  81	4.075000e+00	3.000000e+00
  82	4.125000e+00	2.000000e+00
  83	4.175000e+00	2.000000e+00
  84	4.225000e+00	8.400000e+01
  85	4.275000e+00	2.600000e+01
  86	4.325000e+00	2.000000e+00
  87	4.375000e+00	0.000000e+00
  88	4.425000e+00	0.000000e+00
  89	4.475000e+00	0.000000e+00
  90	4.525000e+00	0.000000e+00
  91	4.575000e+00	0.000000e+00
  92	4.625000e+00	1.000000e+00
  93	4.675000e+00	4.500000e+01
  94	4.725000e+00	0.000000e+00
  95	4.775000e+00	0.000000e+00
  96	4.825000e+00	1.000000e+00
  97	4.875000e+00	0.000000e+00
  98	4.925000e+00	2.100000e+01
  99	4.975000e+00	4.000000e+00
  100	5.025000e+00	0.000000e+00
  101	5.075000e+00	2.500000e+01
  102	5.125000e+00	0.000000e+00
  103	5.175000e+00	0.000000e+00
  104	5.225000e+00	0.000000e+00
  105	5.275000e+00	0.000000e+00
  106	5.325000e+00	1.690000e+02
  107	5.375000e+00	4.000000e+00
  108	5.425000e+00	0.000000e+00
  109	5.475000e+00	1.000000e+00
  110	5.525000e+00	2.400000e+01
  111	5.575000e+00	1.000000e+00
  112	5.625000e+00	1.600000e+01
  113	5.675000e+00	0.000000e+00
  114	5.725000e+00	0.000000e+00
  115	5.775000e+00	0.000000e+00
  116	5.825000e+00	1.000000e+00
  117	5.875000e+00	2.000000e+01
  118	5.925000e+00	4.000000e+00
  119	5.975000e+00	0.000000e+00
  120	6.025000e+00	1.000000e+00
  121	6.075000e+00	2.000000e+00
  122	6.125000e+00	5.000000e+00
  123	6.175000e+00	2.000000e+00
  124	6.225000e+00	0.000000e+00
  125	6.275000e+00	7.000000e+00
  126	6.325000e+00	2.000000e+00
  127	6.375000e+00	5.000000e+00
  128	6.425000e+00	0.000000e+00
  129	6.475000e+00	2.000000e+00
  130	6.525000e+00	1.000000e+00
  131	6.575000e+00	1.000000e+00
  132	6.625000e+00	2.000000e+00
  133	6.675000e+00	1.000000e+00
  134	6.725000e+00	1.000000e+00
  135	6.775000e+00	0.000000e+00
  136	6.825000e+00	0.000000e+00
  137	6.875000e+00	1.000000e+00
  138	6.925000e+00	1.000000e+00
  139	6.975000e+00	0.000000e+00
  140	7.025000e+00	0.000000e+00
  141	7.075000e+00	1.000000e+00
  142	7.125000e+00	1.000000e+00
  143	7.175000e+00	1.000000e+00
  144	7.225000e+00	0.000000e+00
  145	7.275000e+00	0.000000e+00
  146	7.325000e+00	0.000000e+00
  147	7.375000e+00	1.000000e+00
  148	7.425000e+00	0.000000e+00
  149	7.475000e+00	0.000000e+00
  150	7.525000e+00	0.000000e+00
  151	7.575000e+00	0.000000e+00
  152	7.625000e+00	0.000000e+00
  153	7.675000e+00	0.000000e+00
  154	7.725000e+00	0.000000e+00
  155	7.775000e+00	0.000000e+00
  156	7.825000e+00	0.000000e+00
  157	7.875000e+00	0.000000e+00
  158	7.925000e+00	0.000000e+00
  159	7.975000e+00	0.000000e+00
  160	8.025000e+00	0.000000e+00
  161	8.075000e+00	0.000000e+00
  162	8.125000e+00	0.000000e+00
  163	8.175000e+00	0.000000e+00
  164	8.225000e+00	0.000000e+00
  165	8.275000e+00	0.000000e+00
  166	8.325000e+00	0.000000e+00
  167	8.375000e+00	0.000000e+00
  168	8.425000e+00	0.000000e+00
  169	8.475000e+00	0.000000e+00
  170	8.525000e+00	0.000000e+00
  171	8.575000e+00	0.000000e+00
  172	8.625000e+00	0.000000e+00
  173	8.675000e+00	0.000000e+00
  174	8.725000e+00	0.000000e+00
  175	8.775000e+00	3.000000e+00
  176	8.825000e+00	0.000000e+00
  177	8.875000e+00	0.000000e+00
  178	8.925000e+00	0.000000e+00
  179	8.975000e+00	0.000000e+00
  180	9.025000e+00	0.000000e+00
  181	9.075000e+00	0.000000e+00
  182	9.125000e+00	0.000000e+00
  183	9.175000e+00	0.000000e+00
  184	9.225000e+00	0.000000e+00
  185	9.275000e+00	0.000000e+00
  186	9.325000e+00	0.000000e+00
  187	9.375000e+00	0.000000e+00
  188	9.425000e+00	0.000000e+00
  189	9.475000e+00	0.000000e+00
  190	9.525000e+00	0.000000e+00
  191	9.575000e+00	0.000000e+00
  192	9.625000e+00	0.000000e+00
  193	9.675000e+00	0.000000e+00
  194	9.725000e+00	0.000000e+00
  195	9.775000e+00	0.000000e+00
  196	9.825000e+00	0.000000e+00
  197	9.875000e+00	0.000000e+00
  198	9.925000e+00	0.000000e+00
  199	9.975000e+00	0.000000e+00
  200	1.002500e+01	0.000000e+00
  201	1.007500e+01	0.000000e+00
  202	1.012500e+01	0.000000e+00
  203	1.017500e+01	0.000000e+00
  204	1.022500e+01	0.000000e+00
  205	1.027500e+01	0.000000e+00
  206	1.032500e+01	0.000000e+00
  207	1.037500e+01	0.000000e+00
  208	1.042500e+01	0.000000e+00
  209	1.047500e+01	0.000000e+00
  210	1.052500e+01	0.000000e+00
  211	1.057500e+01	0.000000e+00
  212	1.062500e+01	0.000000e+00
  213	1.067500e+01	0.000000e+00
  214	1.072500e+01	0.000000e+00
  215	1.077500e+01	0.000000e+00
  216	1.082500e+01	0.000000e+00
  217	1.087500e+01	0.000000e+00
  218	1.092500e+01	0.000000e+00
  219	1.097500e+01	0.000000e+00
  220	1.102500e+01	0.000000e+00
  221	1.107500e+01	0.000000e+00
  222	1.112500e+01	0.000000e+00
  223	1.117500e+01	0.000000e+00
  224	1.122500e+01	0.000000e+00
  225	1.127500e+01	0.000000e+00
  226	1.132500e+01	0.000000e+00
  227	1.137500e+01	0.000000e+00
  228	1.142500e+01	0.000000e+00
  229	1.147500e+01	0.000000e+00
  230	1.152500e+01	0.000000e+00
  231	1.157500e+01	0.000000e+00
  232	1.162500e+01	0.000000e+00
  233	1.167500e+01	0.000000e+00
  234	1.172500e+01	0.000000e+00
  235	1.177500e+01	0.000000e+00
  236	1.182500e+01	0.000000e+00
  237	1.187500e+01	0.000000e+00
  238	1.192500e+01	0.000000e+00
  239	1.197500e+01	0.000000e+00
  240	1.202500e+01	0.000000e+00
  241	1.207500e+01	0.000000e+00
  242	1.212500e+01	0.000000e+00
  243	1.217500e+01	0.000000e+00
  244	1.222500e+01	0.000000e+00
  245	1.227500e+01	0.000000e+00
  246	1.232500e+01	0.000000e+00
  247	1.237500e+01	0.000000e+00
  248	1.242500e+01	0.000000e+00
  249	1.247500e+01	0.000000e+00
  250	1.252500e+01	0.000000e+00
  251	1.257500e+01	0.000000e+00
  252	1.262500e+01	0.000000e+00
  253	1.267500e+01	0.000000e+00
  254	1.272500e+01	0.000000e+00
  255	1.277500e+01	0.000000e+00
  256	1.282500e+01	0.000000e+00
  257	1.287500e+01	0.000000e+00
  258	1.292500e+01	0.000000e+00
  259	1.297500e+01	0.000000e+00
  260	1.302500e+01	0.000000e+00
  261	1.307500e+01	0.000000e+00
  262	1.312500e+01	0.000000e+00
  263	1.317500e+01	0.000000e+00
  264	1.322500e+01	0.000000e+00
  265	1.327500e+01	0.000000e+00
  266	1.332500e+01	0.000000e+00
  267	1.337500e+01	0.000000e+00
  268	1.342500e+01	0.000000e+00
  269	1.347500e+01	0.000000e+00
  270	1.352500e+01	0.000000e+00
  271	1.357500e+01	0.000000e+00
  272	1.362500e+01	0.000000e+00
  273	1.367500e+01	0.000000e+00
  274	1.372500e+01	0.000000e+00
  275	1.377500e+01	0.000000e+00
  276	1.382500e+01	0.000000e+00
  277	1.387500e+01	0.000000e+00
  278	1.392500e+01	0.000000e+00
  279	1.397500e+01	0.000000e+00
  280	1.402500e+01	0.000000e+00
  281	1.407500e+01	0.000000e+00
  282	1.412500e+01	0.000000e+00
  283	1.417500e+01	0.000000e+00
  284	1.422500e+01	0.000000e+00
  285	1.427500e+01	0.000000e+00
  286	1.432500e+01	0.000000e+00
  287	1.437500e+01	0.000000e+00
  288	1.442500e+01	0.000000e+00
  289	1.447500e+01	0.000000e+00

  1D histogram 3: Kinetic Energy of Neutrons in Detector
 
 	     X 		     Y
  0	2.500000e-02	5.021000e+03
  1	7.500000e-02	5.500000e+02
  2	1.250000e-01	5.820000e+02
  3	1.750000e-01	6.370000e+02
  4	2.250000e-01	7.200000e+02
  5	2.750000e-01	7.770000e+02
  6	3.250000e-01	7.490000e+02
  7	3.750000e-01	7.490000e+02
  8	4.250000e-01	7.170000e+02
  9	4.750000e-01	6.860000e+02
  10	5.250000e-01	6.110000e+02
  11	5.750000e-01	5.770000e+02
  12	6.250000e-01	5.720000e+02
  13	6.750000e-01	5.950000e+02
  14	7.250000e-01	5.200000e+02
  15	7.750000e-01	5.220000e+02
  16	8.250000e-01	4.580000e+02
  17	8.750000e-01	4.700000e+02
  18	9.250000e-01	4.380000e+02
  19	9.750000e-01	3.510000e+02
  20	1.025000e+00	3.660000e+02
  21	1.075000e+00	3.450000e+02
  22	1.125000e+00	3.410000e+02
  23	1.175000e+00	3.350000e+02
  24	1.225000e+00	3.230000e+02
  25	1.275000e+00	2.830000e+02
  26	1.325000e+00	3.040000e+02
  27	1.375000e+00	2.830000e+02
  28	1.425000e+00	2.620000e+02
  29	1.475000e+00	2.470000e+02
  30	1.525000e+00	2.370000e+02
  31	1.575000e+00	1.970000e+02
  32	1.625000e+00	1.850000e+02
  33	1.675000e+00	1.890000e+02
  34	1.725000e+00	1.870000e+02
  35	1.775000e+00	1.910000e+02
  36	1.825000e+00	1.630000e+02
  37	1.875000e+00	1.750000e+02
  38	1.925000e+00	1.370000e+02
  39	1.975000e+00	1.570000e+02
  40	2.025000e+00	1.360000e+02
  41	2.075000e+00	1.460000e+02
  42	2.125000e+00	1.430000e+02
  43	2.175000e+00	1.310000e+02
  44	2.225000e+00	9.900000e+01
  45	2.275000e+00	1.030000e+02
  46	2.325000e+00	1.440000e+02
  47	2.375000e+00	1.170000e+02
  48	2.425000e+00	9.700000e+01
  49	2.475000e+00	1.130000e+02
  50	2.525000e+00	8.500000e+01
  51	2.575000e+00	9.900000e+01
  52	2.625000e+00	1.010000e+02
  53	2.675000e+00	1.080000e+02
  54	2.725000e+00	7.400000e+01
  55	2.775000e+00	7.800000e+01
  56	2.825000e+00	6.700000e+01
  57	2.875000e+00	7.400000e+01
  58	2.925000e+00	6.000000e+01
  59	2.975000e+00	7.100000e+01
  60	3.025000e+00	6.900000e+01
  61	3.075000e+00	7.000000e+01
  62	3.125000e+00	6.500000e+01
  63	3.175000e+00	6.300000e+01
  64	3.225000e+00	4.300000e+01
  65	3.275000e+00	5.300000e+01
  66	3.325000e+00	5.100000e+01
  67	3.375000e+00	4.800000e+01
  68	3.425000e+00	6.200000e+01
  69	3.475000e+00	4.200000e+01
  70	3.525000e+00	4.600000e+01
  71	3.575000e+00	4.500000e+01
  72	3.625000e+00	5.500000e+01
  73	3.675000e+00	4.200000e+01
  74	3.725000e+00	4.600000e+01
  75	3.775000e+00	4.800000e+01
  76	3.825000e+00	3.900000e+01
  77	3.875000e+00	3.300000e+01
  78	3.925000e+00	4.400000e+01
  79	3.975000e+00	4.500000e+01
  80	4.025000e+00	4.100000e+01
  81	4.075000e+00	4.300000e+01
  82	4.125000e+00	3.700000e+01
  83	4.175000e+00	3.300000e+01
  84	4.225000e+00	2.900000e+01
  85	4.275000e+00	3.000000e+01
  86	4.325000e+00	4.500000e+01
  87	4.375000e+00	3.700000e+01
  88	4.425000e+00	2.500000e+01
  89	4.475000e+00	2.400000e+01
  90	4.525000e+00	3.100000e+01
  91	4.575000e+00	2.300000e+01
  92	4.625000e+00	3.700000e+01
  93	4.675000e+00	3.000000e+01
  94	4.725000e+00	2.900000e+01
  95	4.775000e+00	3.100000e+01
  96	4.825000e+00	2.100000e+01
  97	4.875000e+00	1.200000e+01
  98	4.925000e+00	4.200000e+01
  99	4.975000e+00	2.800000e+01
  100	5.025000e+00	2.300000e+01
  101	5.075000e+00	3.300000e+01
  102	5.125000e+00	1.400000e+01
  103	5.175000e+00	2.200000e+01
  104	5.225000e+00	2.100000e+01
  105	5.275000e+00	2.700000e+01
  106	5.325000e+00	2.300000e+01
  107	5.375000e+00	2.500000e+01
  108	5.425000e+00	2.700000e+01
  109	5.475000e+00	3.200000e+01
  110	5.525000e+00	2.600000e+01
  111	5.575000e+00	1.700000e+01
  112	5.625000e+00	1.700000e+01
  113	5.675000e+00	2.300000e+01
  114	5.725000e+00	3.200000e+01
  115	5.775000e+00	2.700000e+01
  116	5.825000e+00	2.300000e+01
  117	5.875000e+00	1.700000e+01
  118	5.925000e+00	1.900000e+01
  119	5.975000e+00	2.000000e+01
  120	6.025000e+00	2.200000e+01
  121	6.075000e+00	2.400000e+01
  122	6.125000e+00	1.800000e+01
  123	6.175000e+00	2.100000e+01
  124	6.225000e+00	1.800000e+01
  125	6.275000e+00	2.200000e+01
  126	6.325000e+00	1.900000e+01
  127	6.375000e+00	2.000000e+01
  128	6.425000e+00	2.300000e+01
  129	6.475000e+00	2.300000e+01
  130	6.525000e+00	2.700000e+01
  131	6.575000e+00	1.500000e+01
  132	6.625000e+00	2.100000e+01
  133	6.675000e+00	1.000000e+01
  134	6.725000e+00	2.600000e+01
  135	6.775000e+00	7.000000e+00
  136	6.825000e+00	1.200000e+01
  137	6.875000e+00	8.000000e+00
  138	6.925000e+00	1.700000e+01
  139	6.975000e+00	1.700000e+01
  140	7.025000e+00	1.400000e+01
  141	7.075000e+00	1.800000e+01
  142	7.125000e+00	1.500000e+01
  143	7.175000e+00	2.200000e+01
  144	7.225000e+00	1.700000e+01
  145	7.275000e+00	1.600000e+01
  146	7.325000e+00	1.600000e+01
  147	7.375000e+00	1.900000e+01
  148	7.425000e+00	2.000000e+01
  149	7.475000e+00	2.200000e+01
  150	7.525000e+00	1.600000e+01
  151	7.575000e+00	1.400000e+01
  152	7.625000e+00	2.000000e+01
  153	7.675000e+00	1.500000e+01
  154	7.725000e+00	2.200000e+01
  155	7.775000e+00	1.500000e+01
  156	7.825000e+00	2.300000e+01
  157	7.875000e+00	1.800000e+01
  158	7.925000e+00	5.000000e+00
  159	7.975000e+00	1.700000e+01
  160	8.025000e+00	1.400000e+01
  161	8.075000e+00	2.000000e+01
  162	8.125000e+00	1.100000e+01
  163	8.175000e+00	1.400000e+01
  164	8.225000e+00	1.300000e+01
  165	8.275000e+00	1.100000e+01
  166	8.325000e+00	1.900000e+01
  167	8.375000e+00	2.500000e+01
  168	8.425000e+00	1.600000e+01
  169	8.475000e+00	7.000000e+00
  170	8.525000e+00	7.000000e+00
  171	8.575000e+00	7.000000e+00
  172	8.625000e+00	1.200000e+01
  173	8.675000e+00	2.500000e+01
  174	8.725000e+00	9.000000e+00
  175	8.775000e+00	9.000000e+00
  176	8.825000e+00	1.100000e+01
  177	8.875000e+00	1.100000e+01
  178	8.925000e+00	1.800000e+01
  179	8.975000e+00	1.200000e+01
  180	9.025000e+00	0.000000e+00
  181	9.075000e+00	7.000000e+00
  182	9.125000e+00	1.000000e+01
  183	9.175000e+00	1.400000e+01
  184	9.225000e+00	1.000000e+01
  185	9.275000e+00	1.300000e+01
  186	9.325000e+00	2.000000e+01
  187	9.375000e+00	2.400000e+01
  188	9.425000e+00	1.300000e+01
  189	9.475000e+00	6.000000e+00
  190	9.525000e+00	6.000000e+00
  191	9.575000e+00	1.600000e+01
  192	9.625000e+00	8.000000e+00
  193	9.675000e+00	1.200000e+01
  194	9.725000e+00	1.200000e+01
  195	9.775000e+00	5.000000e+00
  196	9.825000e+00	7.000000e+00
  197	9.875000e+00	1.800000e+01
  198	9.925000e+00	7.000000e+00
  199	9.975000e+00	4.000000e+00
  200	1.002500e+01	1.100000e+01
  201	1.007500e+01	3.000000e+00
  202	1.012500e+01	9.000000e+00
  203	1.017500e+01	1.200000e+01
  204	1.022500e+01	1.000000e+01
  205	1.027500e+01	5.000000e+00
  206	1.032500e+01	7.000000e+00
  207	1.037500e+01	1.100000e+01
  208	1.042500e+01	6.000000e+00
  209	1.047500e+01	1.500000e+01
  210	1.052500e+01	8.000000e+00
  211	1.057500e+01	1.300000e+01
  212	1.062500e+01	1.200000e+01
  213	1.067500e+01	1.300000e+01
  214	1.072500e+01	8.000000e+00
  215	1.077500e+01	3.000000e+00
  216	1.082500e+01	7.000000e+00
  217	1.087500e+01	1.300000e+01
  218	1.092500e+01	1.800000e+01
  219	1.097500e+01	1.200000e+01
  220	1.102500e+01	9.000000e+00
  221	1.107500e+01	8.000000e+00
  222	1.112500e+01	6.000000e+00
  223	1.117500e+01	7.000000e+00
  224	1.122500e+01	7.000000e+00
  225	1.127500e+01	3.000000e+00
  226	1.132500e+01	1.600000e+01
  227	1.137500e+01	3.000000e+00
  228	1.142500e+01	9.000000e+00
  229	1.147500e+01	3.000000e+00
  230	1.152500e+01	3.000000e+00
  231	1.157500e+01	5.000000e+00
  232	1.162500e+01	2.000000e+00
  233	1.167500e+01	4.000000e+00
  234	1.172500e+01	7.000000e+00
  235	1.177500e+01	4.000000e+00
  236	1.182500e+01	8.000000e+00
  237	1.187500e+01	7.000000e+00
  238	1.192500e+01	1.400000e+01
  239	1.197500e+01	8.000000e+00
  240	1.202500e+01	2.000000e+00
  241	1.207500e+01	1.200000e+01
  242	1.212500e+01	7.000000e+00
  243	1.217500e+01	9.000000e+00
  244	1.222500e+01	8.000000e+00
  245	1.227500e+01	2.100000e+01
  246	1.232500e+01	2.000000e+01
  247	1.237500e+01	1.200000e+01
  248	1.242500e+01	8.000000e+00
  249	1.247500e+01	1.600000e+01
  250	1.252500e+01	2.000000e+01
  251	1.257500e+01	5.000000e+00
  252	1.262500e+01	1.100000e+01
  253	1.267500e+01	2.000000e+01
  254	1.272500e+01	2.000000e+01
  255	1.277500e+01	2.200000e+01
  256	1.282500e+01	8.000000e+00
  257	1.287500e+01	1.900000e+01
  258	1.292500e+01	2.400000e+01
  259	1.297500e+01	3.000000e+01
  260	1.302500e+01	3.500000e+01
  261	1.307500e+01	3.700000e+01
  262	1.312500e+01	5.600000e+01
  263	1.317500e+01	6.900000e+01
  264	1.322500e+01	3.600000e+01
  265	1.327500e+01	3.300000e+01
  266	1.332500e+01	2.400000e+01
  267	1.337500e+01	3.300000e+01
  268	1.342500e+01	7.200000e+01
  269	1.347500e+01	6.200000e+01
  270	1.352500e+01	8.000000e+01
  271	1.357500e+01	1.350000e+02
  272	1.362500e+01	1.420000e+02
  273	1.367500e+01	1.610000e+02
  274	1.372500e+01	9.000000e+01
  275	1.377500e+01	1.100000e+02
  276	1.382500e+01	2.730000e+02
  277	1.387500e+01	2.430000e+02
  278	1.392500e+01	2.560000e+02
  279	1.397500e+01	3.120000e+02
  280	1.402500e+01	1.092000e+03
  281	1.407500e+01	6.178000e+03
  282	1.412500e+01	5.125000e+03
  283	1.417500e+01	0.000000e+00
  284	1.422500e+01	0.000000e+00
  285	1.427500e+01	0.000000e+00
  286	1.432500e+01	0.000000e+00
  287	1.437500e+01	0.000000e+00
  288	1.442500e+01	0.000000e+00
  289	1.447500e+01	0.000000e+00

  1D histogram 4: Kinetic Energy of Neutrons Generated in Detector
 
 	     X 		     Y
  0	2.500000e-02	0.000000e+00
  1	7.500000e-02	0.000000e+00
  2	1.250000e-01	0.000000e+00
  3	1.750000e-01	0.000000e+00
  4	2.250000e-01	0.000000e+00
  5	2.750000e-01	0.000000e+00
  6	3.250000e-01	0.000000e+00
  7	3.750000e-01	0.000000e+00
  8	4.250000e-01	0.000000e+00
  9	4.750000e-01	0.000000e+00
  10	5.250000e-01	0.000000e+00
  11	5.750000e-01	0.000000e+00
  12	6.250000e-01	0.000000e+00
  13	6.750000e-01	0.000000e+00
  14	7.250000e-01	0.000000e+00
  15	7.750000e-01	0.000000e+00
  16	8.250000e-01	0.000000e+00
  17	8.750000e-01	0.000000e+00
  18	9.250000e-01	0.000000e+00
  19	9.750000e-01	0.000000e+00
  20	1.025000e+00	0.000000e+00
  21	1.075000e+00	0.000000e+00
  22	1.125000e+00	0.000000e+00
  23	1.175000e+00	0.000000e+00
  24	1.225000e+00	0.000000e+00
  25	1.275000e+00	0.000000e+00
  26	1.325000e+00	0.000000e+00
  27	1.375000e+00	0.000000e+00
  28	1.425000e+00	0.000000e+00
  29	1.475000e+00	0.000000e+00
  30	1.525000e+00	0.000000e+00
  31	1.575000e+00	0.000000e+00
  32	1.625000e+00	0.000000e+00
  33	1.675000e+00	0.000000e+00
  34	1.725000e+00	0.000000e+00
  35	1.775000e+00	0.000000e+00
  36	1.825000e+00	0.000000e+00
  37	1.875000e+00	0.000000e+00
  38	1.925000e+00	0.000000e+00
  39	1.975000e+00	0.000000e+00
  40	2.025000e+00	0.000000e+00
  41	2.075000e+00	0.000000e+00
  42	2.125000e+00	0.000000e+00
  43	2.175000e+00	0.000000e+00
  44	2.225000e+00	0.000000e+00
  45	2.275000e+00	0.000000e+00
  46	2.325000e+00	0.000000e+00
  47	2.375000e+00	0.000000e+00
  48	2.425000e+00	0.000000e+00
  49	2.475000e+00	0.000000e+00
  50	2.525000e+00	0.000000e+00
  51	2.575000e+00	0.000000e+00
  52	2.625000e+00	0.000000e+00
  53	2.675000e+00	0.000000e+00
  54	2.725000e+00	0.000000e+00
  55	2.775000e+00	0.000000e+00
  56	2.825000e+00	0.000000e+00
  57	2.875000e+00	0.000000e+00
  58	2.925000e+00	0.000000e+00
  59	2.975000e+00	0.000000e+00
  60	3.025000e+00	0.000000e+00
  61	3.075000e+00	0.000000e+00
  62	3.125000e+00	0.000000e+00
  63	3.175000e+00	0.000000e+00
  64	3.225000e+00	0.000000e+00
  65	3.275000e+00	0.000000e+00
  66	3.325000e+00	0.000000e+00
  67	3.375000e+00	0.000000e+00
  68	3.425000e+00	0.000000e+00
  69	3.475000e+00	0.000000e+00
  70	3.525000e+00	0.000000e+00
  71	3.575000e+00	0.000000e+00
  72	3.625000e+00	0.000000e+00
  73	3.675000e+00	0.000000e+00
  74	3.725000e+00	0.000000e+00
  75	3.775000e+00	0.000000e+00
  76	3.825000e+00	0.000000e+00
  77	3.875000e+00	0.000000e+00
  78	3.925000e+00	0.000000e+00
  79	3.975000e+00	0.000000e+00
  80	4.025000e+00	0.000000e+00
  81	4.075000e+00	0.000000e+00
  82	4.125000e+00	0.000000e+00
  83	4.175000e+00	0.000000e+00
  84	4.225000e+00	0.000000e+00
  85	4.275000e+00	0.000000e+00
  86	4.325000e+00	0.000000e+00
  87	4.375000e+00	0.000000e+00
  88	4.425000e+00	0.000000e+00
  89	4.475000e+00	0.000000e+00
  90	4.525000e+00	0.000000e+00
  91	4.575000e+00	0.000000e+00
  92	4.625000e+00	0.000000e+00
  93	4.675000e+00	0.000000e+00
  94	4.725000e+00	0.000000e+00
  95	4.775000e+00	0.000000e+00
  96	4.825000e+00	0.000000e+00
  97	4.875000e+00	0.000000e+00
  98	4.925000e+00	0.000000e+00
  99	4.975000e+00	0.000000e+00
  100	5.025000e+00	0.000000e+00
  101	5.075000e+00	0.000000e+00
  102	5.125000e+00	0.000000e+00
  103	5.175000e+00	0.000000e+00
  104	5.225000e+00	0.000000e+00
  105	5.275000e+00	0.000000e+00
  106	5.325000e+00	0.000000e+00
  107	5.375000e+00	0.000000e+00
  108	5.425000e+00	0.000000e+00
  109	5.475000e+00	0.000000e+00
  110	5.525000e+00	0.000000e+00
  111	5.575000e+00	0.000000e+00
  112	5.625000e+00	0.000000e+00
  113	5.675000e+00	0.000000e+00
  114	5.725000e+00	0.000000e+00
  115	5.775000e+00	0.000000e+00
  116	5.825000e+00	0.000000e+00
  117	5.875000e+00	0.000000e+00
  118	5.925000e+00	0.000000e+00
  119	5.975000e+00	0.000000e+00
  120	6.025000e+00	0.000000e+00
  121	6.075000e+00	0.000000e+00
  122	6.125000e+00	0.000000e+00
  123	6.175000e+00	0.000000e+00
  124	6.225000e+00	0.000000e+00
  125	6.275000e+00	0.000000e+00
  126	6.325000e+00	0.000000e+00
  127	6.375000e+00	0.000000e+00
  128	6.425000e+00	0.000000e+00
  129	6.475000e+00	0.000000e+00
  130	6.525000e+00	0.000000e+00
  131	6.575000e+00	0.000000e+00
  132	6.625000e+00	0.000000e+00
  133	6.675000e+00	0.000000e+00
  134	6.725000e+00	0.000000e+00
  135	6.775000e+00	0.000000e+00
  136	6.825000e+00	0.000000e+00
  137	6.875000e+00	0.000000e+00
  138	6.925000e+00	0.000000e+00
  139	6.975000e+00	0.000000e+00
  140	7.025000e+00	0.000000e+00
  141	7.075000e+00	0.000000e+00
  142	7.125000e+00	0.000000e+00
  143	7.175000e+00	0.000000e+00
  144	7.225000e+00	0.000000e+00
  145	7.275000e+00	0.000000e+00
  146	7.325000e+00	0.000000e+00
  147	7.375000e+00	0.000000e+00
  148	7.425000e+00	0.000000e+00
  149	7.475000e+00	0.000000e+00
  150	7.525000e+00	0.000000e+00
  151	7.575000e+00	0.000000e+00
  152	7.625000e+00	0.000000e+00
  153	7.675000e+00	0.000000e+00
  154	7.725000e+00	0.000000e+00
  155	7.775000e+00	0.000000e+00
  156	7.825000e+00	0.000000e+00
  157	7.875000e+00	0.000000e+00
  158	7.925000e+00	0.000000e+00
  159	7.975000e+00	0.000000e+00
  160	8.025000e+00	0.000000e+00
  161	8.075000e+00	0.000000e+00
  162	8.125000e+00	0.000000e+00
  163	8.175000e+00	0.000000e+00
  164	8.225000e+00	0.000000e+00
  165	8.275000e+00	0.000000e+00
  166	8.325000e+00	0.000000e+00
  167	8.375000e+00	0.000000e+00
  168	8.425000e+00	0.000000e+00
  169	8.475000e+00	0.000000e+00
  170	8.525000e+00	0.000000e+00
  171	8.575000e+00	0.000000e+00
  172	8.625000e+00	0.000000e+00
  173	8.675000e+00	0.000000e+00
  174	8.725000e+00	0.000000e+00
  175	8.775000e+00	0.000000e+00
  176	8.825000e+00	0.000000e+00
  177	8.875000e+00	0.000000e+00
  178	8.925000e+00	0.000000e+00
  179	8.975000e+00	0.000000e+00
  180	9.025000e+00	0.000000e+00
  181	9.075000e+00	0.000000e+00
  182	9.125000e+00	0.000000e+00
  183	9.175000e+00	0.000000e+00
  184	9.225000e+00	0.000000e+00
  185	9.275000e+00	0.000000e+00
  186	9.325000e+00	0.000000e+00
  187	9.375000e+00	0.000000e+00
  188	9.425000e+00	0.000000e+00
  189	9.475000e+00	0.000000e+00
  190	9.525000e+00	0.000000e+00
  191	9.575000e+00	0.000000e+00
  192	9.625000e+00	0.000000e+00
  193	9.675000e+00	0.000000e+00
  194	9.725000e+00	0.000000e+00
  195	9.775000e+00	0.000000e+00
  196	9.825000e+00	0.000000e+00
  197	9.875000e+00	0.000000e+00
  198	9.925000e+00	0.000000e+00
  199	9.975000e+00	0.000000e+00
  200	1.002500e+01	0.000000e+00
  201	1.007500e+01	0.000000e+00
  202	1.012500e+01	0.000000e+00
  203	1.017500e+01	0.000000e+00
  204	1.022500e+01	0.000000e+00
  205	1.027500e+01	0.000000e+00
  206	1.032500e+01	0.000000e+00
  207	1.037500e+01	0.000000e+00
  208	1.042500e+01	0.000000e+00
  209	1.047500e+01	0.000000e+00
  210	1.052500e+01	0.000000e+00
  211	1.057500e+01	0.000000e+00
  212	1.062500e+01	0.000000e+00
  213	1.067500e+01	0.000000e+00
  214	1.072500e+01	0.000000e+00
  215	1.077500e+01	0.000000e+00
  216	1.082500e+01	0.000000e+00
  217	1.087500e+01	0.000000e+00
  218	1.092500e+01	0.000000e+00
  219	1.097500e+01	0.000000e+00
  220	1.102500e+01	0.000000e+00
  221	1.107500e+01	0.000000e+00
  222	1.112500e+01	0.000000e+00
  223	1.117500e+01	0.000000e+00
  224	1.122500e+01	0.000000e+00
  225	1.127500e+01	0.000000e+00
  226	1.132500e+01	0.000000e+00
  227	1.137500e+01	0.000000e+00
  228	1.142500e+01	0.000000e+00
  229	1.147500e+01	0.000000e+00
  230	1.152500e+01	0.000000e+00
  231	1.157500e+01	0.000000e+00
  232	1.162500e+01	0.000000e+00
  233	1.167500e+01	0.000000e+00
  234	1.172500e+01	0.000000e+00
  235	1.177500e+01	0.000000e+00
  236	1.182500e+01	0.000000e+00
  237	1.187500e+01	0.000000e+00
  238	1.192500e+01	0.000000e+00
  239	1.197500e+01	0.000000e+00
  240	1.202500e+01	0.000000e+00
  241	1.207500e+01	0.000000e+00
  242	1.212500e+01	0.000000e+00
  243	1.217500e+01	0.000000e+00
  244	1.222500e+01	0.000000e+00
  245	1.227500e+01	0.000000e+00
  246	1.232500e+01	0.000000e+00
  247	1.237500e+01	0.000000e+00
  248	1.242500e+01	0.000000e+00
  249	1.247500e+01	0.000000e+00
  250	1.252500e+01	0.000000e+00
  251	1.257500e+01	0.000000e+00
  252	1.262500e+01	0.000000e+00
  253	1.267500e+01	0.000000e+00
  254	1.272500e+01	0.000000e+00
  255	1.277500e+01	0.000000e+00
  256	1.282500e+01	0.000000e+00
  257	1.287500e+01	0.000000e+00
  258	1.292500e+01	0.000000e+00
  259	1.297500e+01	0.000000e+00
  260	1.302500e+01	0.000000e+00
  261	1.307500e+01	0.000000e+00
  262	1.312500e+01	0.000000e+00
  263	1.317500e+01	0.000000e+00
  264	1.322500e+01	0.000000e+00
  265	1.327500e+01	0.000000e+00
  266	1.332500e+01	0.000000e+00
  267	1.337500e+01	0.000000e+00
  268	1.342500e+01	0.000000e+00
  269	1.347500e+01	0.000000e+00
  270	1.352500e+01	0.000000e+00
  271	1.357500e+01	0.000000e+00
  272	1.362500e+01	0.000000e+00
  273	1.367500e+01	0.000000e+00
  274	1.372500e+01	0.000000e+00
  275	1.377500e+01	0.000000e+00
  276	1.382500e+01	0.000000e+00
  277	1.387500e+01	0.000000e+00
  278	1.392500e+01	0.000000e+00
  279	1.397500e+01	0.000000e+00
  280	1.402500e+01	0.000000e+00
  281	1.407500e+01	0.000000e+00
  282	1.412500e+01	0.000000e+00
  283	1.417500e+01	0.000000e+00
  284	1.422500e+01	0.000000e+00
  285	1.427500e+01	0.000000e+00
  286	1.432500e+01	0.000000e+00
  287	1.437500e+01	0.000000e+00
  288	1.442500e+01	0.000000e+00
  289	1.447500e+01	0.000000e+00
